0 53.981  67.590  64.591  0.000  73.101  74.121  84.066  0.000  62.205  76.182  63.882  60.049  57.786  54.827  51.832
1 73.662  88.867  84.234  91.572  96.679  98.662  0.000  95.920  92.162  76.951  84.632  79.599  76.824  81.093  69.203
2 86.615  89.411  96.141  114.339  109.299  112.238  111.409  109.097  104.874  101.359  95.869  90.574  86.271  83.166  62.760
3 93.019  95.715  102.038  118.641  113.588  117.227  115.903  112.998  107.864  104.455  98.803  0.000  0.000  90.102  80.132
4 96.878  106.850  114.800  120.122  124.208  124.877  116.429  113.081  116.275  104.685  98.821  92.969  94.040  84.806  63.393
5 102.038  109.304  115.740  121.649  120.635  122.345  125.069  117.353  113.100  108.485  102.587  96.662  91.318  86.854  83.790
6 103.532  110.216  109.615  121.531  120.866  125.724  121.650  118.938  113.227  111.368  105.656  99.315  93.527  88.021  83.119
7 104.247  110.585  116.260  121.296  123.015  124.509  120.896  116.575  115.013  110.099  104.041  97.987  89.692  85.598  82.072
8 107.340  110.832  116.690  120.953  123.700  123.105  121.261  117.777  113.392  106.144  101.171  93.673  89.900  85.557  80.404
9 104.240  177.231  115.100  117.448  121.450  120.567  117.787  114.597  110.037  104.970  98.041  91.721  85.794  81.107  77.419
10 104.472  110.450  114.895  118.930  119.646  119.500  117.965  115.983  107.188  103.616  98.046  91.858  85.933  81.862  76.867
11 104.744  109.887  114.312  118.099  120.039  118.434  116.248  98.685  107.326  102.553  96.613  90.545  84.668  80.403  75.905
12 104.330  109.274  109.954  117.015  117.792  116.249  114.493  110.223  104.312  100.552  94.946  88.162  83.069  79.031  63.956
13 104.177  108.880  109.033  116.184  117.870  115.779  113.240  108.012  103.148  98.626  93.738  87.697  81.592  77.912  73.262
14 104.340  108.919  108.926  115.816  115.302  114.335  112.612  98.198  103.679  97.526  92.455  85.668  81.460  77.513  72.827
